##TITLE= 
##JCAMP-DX= 5.00 Bruker JCAMP library
##DATA TYPE= Shape Data
##ORIGIN= Bruker BioSpin GmbH
##OWNER= <nmrsu>
##DATE= 2009/03/06
##TIME= 19:18:38
##$SHAPE_PARAMETERS= Type: Sinc ; Number of Cycles 1.0
##MINX= 3.898172E-15
##MAXX= 9.998322E01
##MINY= 0.000000E00
##MAXY= 0.000000E00
##$SHAPE_EXMODE= Universal
##$SHAPE_TOTROT= 9.000000E01
##$SHAPE_TYPE= Excitation
##$SHAPE_USER_DEF= 
##$SHAPE_REPHFAC= 
##$SHAPE_BWFAC= 1.620000E00
##$SHAPE_BWFAC50= 
##$SHAPE_INTEGFAC= 5.835613E-01
##$SHAPE_MODE= 0
##NPOINTS= 100
##XYPOINTS= (XY..XY)
3.898172E-15, 0.000000E00
2.060472E00, 0.000000E00
4.199229E00, 0.000000E00
6.412703E00, 0.000000E00
8.697083E00, 0.000000E00
1.104833E01, 0.000000E00
1.346216E01, 0.000000E00
1.593410E01, 0.000000E00
1.845947E01, 0.000000E00
2.103338E01, 0.000000E00
2.365078E01, 0.000000E00
2.630644E01, 0.000000E00
2.899498E01, 0.000000E00
3.171089E01, 0.000000E00
3.444853E01, 0.000000E00
3.720213E01, 0.000000E00
3.996586E01, 0.000000E00
4.273378E01, 0.000000E00
4.549991E01, 0.000000E00
4.825820E01, 0.000000E00
5.100259E01, 0.000000E00
5.372699E01, 0.000000E00
5.642533E01, 0.000000E00
5.909153E01, 0.000000E00
6.171958E01, 0.000000E00
6.430349E01, 0.000000E00
6.683737E01, 0.000000E00
6.931539E01, 0.000000E00
7.173183E01, 0.000000E00
7.408109E01, 0.000000E00
7.635771E01, 0.000000E00
7.855636E01, 0.000000E00
8.067190E01, 0.000000E00
8.269933E01, 0.000000E00
8.463389E01, 0.000000E00
8.647099E01, 0.000000E00
8.820627E01, 0.000000E00
8.983561E01, 0.000000E00
9.135512E01, 0.000000E00
9.276117E01, 0.000000E00
9.405040E01, 0.000000E00
9.521971E01, 0.000000E00
9.626630E01, 0.000000E00
9.718766E01, 0.000000E00
9.798155E01, 0.000000E00
9.864608E01, 0.000000E00
9.917964E01, 0.000000E00
9.958094E01, 0.000000E00
9.984902E01, 0.000000E00
9.998322E01, 0.000000E00
9.998322E01, 0.000000E00
9.984902E01, 0.000000E00
9.958094E01, 0.000000E00
9.917964E01, 0.000000E00
9.864608E01, 0.000000E00
9.798155E01, 0.000000E00
9.718766E01, 0.000000E00
9.626630E01, 0.000000E00
9.521971E01, 0.000000E00
9.405040E01, 0.000000E00
9.276117E01, 0.000000E00
9.135512E01, 0.000000E00
8.983561E01, 0.000000E00
8.820627E01, 0.000000E00
8.647099E01, 0.000000E00
8.463389E01, 0.000000E00
8.269933E01, 0.000000E00
8.067190E01, 0.000000E00
7.855636E01, 0.000000E00
7.635771E01, 0.000000E00
7.408109E01, 0.000000E00
7.173183E01, 0.000000E00
6.931539E01, 0.000000E00
6.683737E01, 0.000000E00
6.430349E01, 0.000000E00
6.171958E01, 0.000000E00
5.909153E01, 0.000000E00
5.642533E01, 0.000000E00
5.372699E01, 0.000000E00
5.100259E01, 0.000000E00
4.825820E01, 0.000000E00
4.549991E01, 0.000000E00
4.273378E01, 0.000000E00
3.996586E01, 0.000000E00
3.720213E01, 0.000000E00
3.444853E01, 0.000000E00
3.171089E01, 0.000000E00
2.899498E01, 0.000000E00
2.630644E01, 0.000000E00
2.365078E01, 0.000000E00
2.103338E01, 0.000000E00
1.845947E01, 0.000000E00
1.593410E01, 0.000000E00
1.346216E01, 0.000000E00
1.104833E01, 0.000000E00
8.697083E00, 0.000000E00
6.412703E00, 0.000000E00
4.199229E00, 0.000000E00
2.060472E00, 0.000000E00
3.898172E-15, 0.000000E00
##END=
