##TITLE= Parameter file, TOPSPIN		Version 2.1
##JCAMPDX= 5.0
##DATATYPE= Parameter Values
##NPOINTS= 8	$$ modification sequence number
##ORIGIN= Bruker BioSpin GmbH
##OWNER= baxgrp
$$ 2010-02-11 12:20:28.395 -0500  baxgrp@av900
$$ /baxdisk/data/jlorieau/nmr/JL20100113_900_N-HA1fp-FL/103/pdata/1/clevels
$$ process /opt/topspin/prog/mod/dataserver
##$LEVELS= (0..255)
-450127.126267376 -250070.625704098 -138928.125391165 -77182.2918839808
-42879.051046656 -23821.69502592 -13234.2750144 -7352.375008 7352.375008
13234.2750144 23821.69502592 42879.051046656 77182.2918839808 138928.125391165
250070.625704098 450127.126267376 0 0 0 0 0 0 0 0 0 0 0 0 0 0 0 0 0 0 0
0 0 0 0 0 0 0 0 0 0 0 0 0 0 0 0 0 0 0 0 0 0 0 0 0 0 0 0 0 0 0 0 0 0 0 0
0 0 0 0 0 0 0 0 0 0 0 0 0 0 0 0 0 0 0 0 0 0 0 0 0 0 0 0 0 0 0 0 0 0 0 0
0 0 0 0 0 0 0 0 0 0 0 0 0 0 0 0 0 0 0 0 0 0 0 0 0 0 0 0 0 0 0 0 0 0 0 0
0 0 0 0 0 0 0 0 0 0 0 0 0 0 0 0 0 0 0 0 0 0 0 0 0 0 0 0 0 0 0 0 0 0 0 0
0 0 0 0 0 0 0 0 0 0 0 0 0 0 0 0 0 0 0 0 0 0 0 0 0 0 0 0 0 0 0 0 0 0 0 0
0 0 0 0 0 0 0 0 0 0 0 0 0 0 0 0 0 0 0 0 0 0 0 0 0 0 0 0 0 0 0 0 0 0 0 0
0 0 0 0 0
##$LEVSIGN= 3
##$MAXLEV= 8
##$METHOD= 0
##$NEGBASE= -7352.375008
##$NEGINCR= 1.8
##$POSBASE= 7352.375008
##$POSINCR= 1.8
##END=
